# HAP SAD SUR ANG DIS FEA PIC
1 2.87 2.52 2.10 1.97 1.97 2.06 KM-NE1_A
2 2.87 2.42 1.58 1.84 1.77 1.77 KM-NE2_A
3 2.50 2.10 1.70 1.50 1.73 1.53 KM-NE3_A
4 4.90 1.13 1.26 1.10 1.03 1.10 KM-HA1_A
5 4.87 1.20 1.43 1.03 1.07 1.07 KM-HA2_A
6 4.61 1.32 1.39 1.23 1.10 1.19 KM-HA3_A
7 5.00 1.13 1.26 1.10 1.10 1.06 KM-HA4_A
8 4.65 1.29 1.39 1.23 1.16 1.16 KM-HA5_A
9 1.42 4.00 1.55 2.39 3.26 3.03 KM-SA1_A
10 1.23 4.39 1.45 2.61 3.19 2.71 KM-SA2_A
11 1.32 4.00 1.87 2.60 3.77 3.19 KM-SA3_A
12 1.26 4.29 1.58 2.26 3.39 2.94 KM-SA4_A
13 1.35 4.13 1.61 2.10 3.81 3.10 KM-SA5_A
14 2.13 1.55 4.97 1.65 1.45 2.10 KM-SU1_A
15 2.16 1.90 4.97 1.74 1.81 3.10 KM-SU2_A
16 2.16 1.84 4.94 1.71 1.65 2.32 KM-SU3_A
17 1.39 2.03 1.57 4.58 3.77 1.68 KM-AN1_A
18 1.45 2.84 1.68 4.06 3.87 1.90 KM-AN2_A
19 1.42 2.13 1.55 4.16 3.58 1.77 KM-AN3_A
20 1.26 2.10 1.81 3.52 4.71 2.26 KM-DI1_A
21 1.55 2.13 1.74 3.16 4.32 2.13 KM-DI2_A
22 1.39 1.87 1.94 3.61 4.58 1.94 KM-DI3_A
23 2.52 2.58 2.61 1.97 2.90 2.87 KM-FE1_A
24 1.50 2.97 3.67 2.83 3.77 3.80 KM-FE2_A
25 1.68 2.84 3.61 2.90 3.84 3.19 KM-FE3_A
26 3.03 2.16 2.06 1.94 1.84 1.87 KA-NE1_A
27 2.84 1.94 2.13 1.77 1.68 1.87 KA-NE2_A
28 3.06 1.84 2.29 1.77 1.71 1.84 KA-NE3_A
29 4.39 1.35 2.29 1.16 1.23 1.26 KA-HA1_A
30 4.77 1.29 2.45 1.26 1.23 1.23 KA-HA2_A
31 4.61 1.48 2.19 1.29 1.32 1.39 KA-HA3_A
32 4.03 1.68 1.42 1.19 1.13 1.29 KA-HA4_A
33 1.39 3.97 1.68 2.19 3.68 3.61 KA-SA1_A
34 1.26 4.13 1.77 2.40 3.10 2.74 KA-SA2_A
35 1.68 3.71 1.74 2.42 3.16 3.03 KA-SA3_A
36 2.87 1.55 4.68 1.52 1.52 1.65 KA-SU1_A
37 3.00 1.94 4.35 1.68 1.55 1.58 KA-SU2_A
38 2.94 1.97 4.74 1.68 1.71 2.03 KA-SU3_A
39 1.55 1.90 2.10 4.32 3.90 1.81 KA-AN1_A
40 1.67 1.97 1.70 4.60 4.10 1.77 KA-AN2_A
41 1.30 1.70 1.70 4.30 4.43 1.73 KA-AN3_A
42 1.42 3.55 2.13 2.65 4.19 3.03 KA-DI1_A
43 1.29 2.26 2.13 3.32 4.74 2.87 KA-DI2_A
44 1.32 1.94 1.94 2.52 4.68 2.55 KA-DI3_A
45 1.32 4.16 3.65 1.97 2.87 4.26 KA-FE1_A
46 1.29 3.42 3.16 1.94 4.06 3.87 KA-FE2_A
47 1.39 3.00 4.29 2.32 3.74 4.13 KA-FE3_A
48 2.06 2.16 4.29 1.61 2.10 2.42 KA-FE4_A
49 2.71 2.97 1.45 1.90 2.00 1.94 YM-NE1_A
50 2.73 2.67 1.87 1.97 2.00 2.00 YM-NE2_A
51 3.03 2.45 1.74 2.00 1.90 1.77 YM-NE3_A
52 4.90 1.39 1.29 1.32 1.29 1.35 YM-HA1_A
53 4.84 1.42 1.35 1.23 1.23 1.23 YN-HA2_A
54 4.87 1.32 1.32 1.19 1.13 1.16 YM-HA3_A
55 1.45 4.61 1.52 1.55 2.13 2.39 YM-SA1_A
56 1.65 4.26 1.77 1.94 2.61 2.77 YM-SA2_A
57 1.55 4.32 1.35 1.71 2.74 2.55 YM-SA3_A
58 2.48 1.55 4.87 1.65 1.58 1.81 YM-SU1_A
59 2.74 1.48 4.45 1.39 1.42 1.68 YM-SU2_A
60 2.35 1.81 4.87 1.81 1.71 2.29 YM-SU3_A
61 1.19 2.16 1.55 4.74 2.84 1.39 YM-AN1_A
62 1.68 2.26 1.45 4.13 2.90 1.61 YM-AN2_A
63 1.55 2.32 1.68 4.77 3.16 1.87 YM-AN3_A
64 1.35 2.90 2.45 2.65 4.81 3.32 YM-DI1_A
65 1.13 2.13 2.37 3.03 4.63 3.00 YM-DI2_A
66 1.23 3.00 2.61 2.74 4.65 3.68 YM-DI3_A
67 1.23 4.26 3.16 2.13 3.26 4.03 YM-FE1_A
68 1.26 4.19 3.74 2.16 3.42 4.26 YM-FE2_A
69 1.29 3.52 3.48 2.03 3.42 3.35 YM-FE3_A
70 1.29 3.13 4.52 2.55 3.45 4.19 YM-FE4_A
71 2.23 2.06 1.84 2.87 2.35 1.87 KR-NE1_A
72 2.32 2.23 1.68 2.68 2.35 1.84 KR-NE2_A
73 2.03 2.16 1.68 2.81 2.39 1.81 KR-NE3_A
74 4.45 1.29 1.10 1.19 1.26 1.19 KR-HA1_A
75 4.19 1.48 1.65 1.29 1.32 1.35 KR-HA2_A
76 4.39 1.29 1.23 1.16 1.19 1.16 KR-HA3_A
77 1.48 4.23 1.84 2.55 2.74 2.29 KR-SA1_A
78 1.42 4.26 1.74 2.52 3.06 2.48 KR-SA2_A
79 1.48 3.90 1.77 2.81 3.29 2.42 KR-SA3_A
80 2.00 1.77 4.68 1.81 1.65 2.03 KR-SU1_A
81 2.10 1.84 4.58 2.19 2.03 2.10 KR-SU2_A
82 2.42 1.84 4.74 1.94 1.87 2.06 KR-SU3_A
83 1.39 1.87 1.73 4.58 3.19 1.68 KR-AN1_A
84 1.52 2.58 1.74 4.58 3.65 1.61 KR-AN2_A
85 1.48 2.48 2.19 4.48 3.42 2.16 KR-AN3_A
86 1.35 2.19 2.23 3.39 4.55 2.58 KR-DI1_A
87 1.35 2.32 1.97 4.03 4.39 2.35 KR-DI2_A
88 1.39 2.45 1.67 4.29 4.06 2.10 KR-DI3_A
89 1.52 2.26 4.45 3.16 3.03 2.90 KR-FE1_A
90 1.61 2.39 3.97 3.19 3.71 2.74 KR-FE2_A
91 1.55 2.42 4.00 3.58 3.55 3.06 KR-FE3_A
92 3.03 2.32 1.77 1.74 1.77 1.68 NM-NE1_A
93 3.29 2.23 1.84 1.68 1.68 1.71 NM-NE2_A
94 3.19 2.26 1.71 1.87 1.74 1.71 NM-NE3_A
95 4.29 1.55 1.45 1.39 1.26 1.23 NM-HA1_A
96 4.39 1.42 2.10 1.32 1.26 1.23 NM-HA2_A
97 4.19 1.45 1.84 1.42 1.35 1.39 NM-HA3_A
98 2.00 3.77 1.67 1.77 1.77 2.29 NM-SA1_A
99 2.48 2.68 1.81 1.97 1.90 1.84 NM-SA2_A
100 2.03 3.48 1.94 1.87 2.16 2.77 NM-SA3_A
101 2.68 1.65 4.94 1.48 1.45 1.77 NM-SU1_A
102 2.90 1.53 4.80 1.43 1.37 1.57 NM-SU2_A
103 2.65 1.77 4.94 1.65 1.52 1.90 NM-SU3_A
104 2.55 2.16 1.81 2.16 1.94 1.94 NM-AN1_A
105 2.03 2.29 1.61 2.71 2.35 1.87 NM-AN2_A
106 1.68 3.00 1.84 3.17 3.65 2.58 NM-AN3_A
107 2.67 2.67 1.77 2.30 3.10 2.21 NM-DI1_A
108 2.61 2.39 1.74 2.00 2.39 1.94 NM-DI2_A
109 2.45 1.94 1.52 2.16 2.61 1.65 NM-DI3_A
110 1.55 3.61 3.65 1.84 2.71 3.87 NM-FE1_A
111 2.29 2.29 3.84 1.94 2.32 2.29 NM-FE2_A
112 1.90 2.03 4.52 1.87 1.87 2.61 NM-FE3_A
113 2.90 2.65 1.74 1.87 1.90 1.87 MK-NE1_A
114 3.48 2.19 1.55 1.68 1.55 1.58 MK-NE2_A
115 2.97 2.39 1.71 1.81 1.61 1.84 MK-NE3_A
116 4.52 1.32 1.58 1.10 1.26 1.23 MK-HA1_A
117 4.32 1.61 1.42 1.48 1.52 1.48 MK-HA2_A
118 4.65 1.32 1.45 1.19 1.29 1.29 MK-HA3_A
119 1.65 4.23 1.74 2.13 2.74 2.68 MK-SA1_A
120 1.39 4.52 1.61 1.77 2.71 2.61 MK-SA2_A
121 1.26 4.84 1.65 2.13 2.52 2.23 MK-SA3_A
122 1.84 2.35 4.94 2.00 2.52 3.29 MK-SU1_A
123 2.32 1.65 4.97 1.81 1.90 2.26 MK-SU2_A
124 1.97 2.23 4.90 2.13 2.39 3.03 MK-SU3_A
125 1.26 1.87 1.48 4.68 4.00 1.55 MK-AN1_A
126 1.26 3.32 1.52 4.13 4.52 2.74 MK-AN2_A
127 1.26 3.03 2.03 4.35 4.61 2.97 MK-AN3_A
128 1.26 2.48 2.26 3.68 4.61 2.58 MK-DI1_A
129 1.32 3.10 2.43 2.26 4.39 3.10 MK-DI2_A
130 1.61 2.52 2.29 2.68 4.71 3.19 MK-DI3_A
131 1.23 4.06 4.10 2.32 3.26 4.26 MK-FE1_A
132 1.35 3.32 4.65 2.42 3.97 4.52 MK-FE2_A
133 1.42 3.65 2.84 2.16 3.29 4.06 MK-FE3_A
134 2.32 2.29 1.97 2.06 1.97 1.87 UY-NE1_A
135 2.10 2.35 1.68 2.23 1.90 1.87 UY-NE2_A
136 2.00 2.42 1.71 2.26 2.35 2.06 UY-NE3_A
137 3.42 2.52 1.61 1.55 1.55 1.61 UY-HA1_A
138 3.84 1.97 1.52 1.42 1.45 1.61 UY-HA2_A
139 4.13 1.81 1.42 1.26 1.32 1.55 UY-HA3_A
140 1.35 3.65 1.58 3.00 3.55 2.32 UY-SA1_A
141 1.52 3.84 1.55 2.61 3.55 2.58 UY-SA2_A
142 1.35 3.55 1.35 2.48 3.06 2.26 UY-SA3_A
143 2.52 2.29 3.61 1.74 1.94 2.26 UY-SU1_A
144 1.84 2.65 4.26 1.77 2.13 2.61 UY-SU2_A
145 1.97 2.65 4.45 1.90 1.81 2.42 UY-SU3_A
146 1.39 3.23 1.71 4.16 3.90 2.19 UY-AN1_A
147 1.45 2.35 1.58 4.23 3.10 1.81 UY-AN2_A
148 1.58 2.81 1.74 3.61 3.10 2.03 UY-AN3_A
149 1.37 2.93 2.30 2.80 4.20 3.33 UY-DI1_A
150 1.45 3.26 1.77 2.84 4.32 2.77 UY-DI2_A
151 1.35 3.23 1.52 3.39 4.39 2.84 UY-DI3_A
152 1.42 3.45 2.16 2.37 2.48 3.03 UY-FE1_A
153 1.74 3.16 2.32 2.42 2.48 2.68 UY-FE2_A
154 1.77 3.26 2.55 2.00 2.45 3.06 UY-FE3_A
155 1.84 2.29 3.71 2.35 2.32 2.13 KL-NE1_A
156 1.90 2.81 2.52 2.39 2.32 2.32 KL-NE2_A
157 2.10 2.13 3.61 2.16 2.10 2.06 KL-NE3_A
158 4.42 1.55 1.42 1.42 1.45 1.45 KL-HA1_A
159 4.48 1.68 1.58 1.65 1.55 1.58 KL-HA2_A
160 4.29 1.45 1.48 1.45 1.42 1.32 KL-HA3_A
161 1.19 4.35 1.83 2.87 3.77 3.42 KL-SA1_A
162 1.26 4.26 1.90 2.87 3.61 3.35 KL-SA2_A
163 1.39 4.42 1.94 2.77 3.68 3.81 KL-SA3_A
164 1.77 2.55 4.71 2.42 2.58 2.87 KL-SU1_A
165 1.84 1.80 4.84 2.16 1.90 2.19 KL-SU2_A
166 1.77 1.77 4.81 2.00 2.00 2.52 KL-SU3_A
167 1.39 3.00 1.87 3.84 3.81 2.29 KL-AN1_A
168 1.68 3.32 2.10 4.10 3.90 2.71 KL-AN2_A
169 1.39 3.10 1.84 3.52 3.94 2.35 KL-AN3_A
170 1.45 3.06 1.60 3.27 4.48 2.77 KL-DI1_A
171 1.16 4.03 2.10 3.52 4.42 2.87 KL-DI2_A
172 1.10 3.35 2.32 3.32 4.52 2.74 KL-DI3_A
173 1.16 3.00 1.97 3.06 4.35 2.55 KL-DI4_A
174 1.26 3.03 4.19 2.94 4.45 4.10 KL-FE1_A
175 1.19 3.29 3.03 3.52 4.16 3.45 KL-FE2_A
176 1.23 3.16 2.74 3.55 4.29 3.39 KL-FE3_A
177 2.84 2.58 1.87 1.84 1.87 1.84 TM-NE1_A
178 3.06 2.32 1.52 1.84 1.71 1.68 TM-NE2_A
179 2.97 1.90 1.42 1.61 1.52 1.32 TM-NE3_A
180 4.32 1.52 1.26 1.13 1.13 1.26 TM-HA1_A
181 4.35 1.65 1.13 1.13 1.26 1.55 TM-HA2_A
182 4.61 1.68 1.52 1.29 1.32 1.45 TM-HA3_A
183 4.81 1.58 1.42 1.29 1.26 1.39 TM-HA4_A
184 1.68 4.10 1.45 1.74 2.23 2.29 TM-SA1_A
185 1.48 4.23 1.45 1.84 2.52 2.48 TM-SA2_A
186 1.61 3.87 1.55 2.35 3.03 2.48 TM-SA3_A
187 1.65 2.77 4.61 2.10 2.87 3.74 TM-SU1_A
188 2.03 2.03 4.58 1.87 1.94 2.81 TM-SU2_A
189 1.77 2.52 4.77 2.03 2.13 3.32 TM-SU3_A
190 1.42 3.19 1.77 4.06 4.00 2.58 TM-AN1_A
191 1.39 2.58 1.74 4.13 3.48 1.94 TM-AN2_A
192 1.55 2.16 1.77 4.16 3.32 1.94 TM-AN3_A
193 1.35 1.81 2.19 3.16 4.81 2.39 TM-DI1_A
194 1.55 2.39 2.32 3.23 4.65 2.32 TM-DI2_A
195 1.35 2.39 1.90 3.10 4.55 2.87 TM-DI3_A
196 1.42 3.06 3.29 2.52 4.16 3.45 TM-FE1_A
197 1.45 2.77 3.13 2.32 4.39 3.10 TM-FE2_A
198 1.35 3.06 3.35 2.39 4.19 3.42 TM-FE3_A
199 2.68 2.10 1.61 2.19 2.03 1.68 NA-NE1_A
200 2.84 2.29 1.87 2.65 2.45 2.03 NA-NE2_A
201 2.77 2.00 1.84 2.32 2.23 2.61 NA-NE3_A
202 4.77 1.35 1.42 1.13 1.13 1.16 NA-HA1_A
203 4.65 1.47 1.29 1.23 1.32 1.10 NA-HA2_A
204 4.48 1.42 1.48 1.32 1.55 1.35 NA-HA3_A
205 1.52 4.03 1.77 2.65 3.03 2.94 NA-SA1_A
206 1.29 3.74 1.39 3.00 3.23 2.29 NA-SA2_A
207 1.71 3.16 1.84 3.48 3.19 2.58 NA-SA3_A
208 4.32 1.48 3.32 1.35 1.39 1.39 NA-SU1_A
209 2.68 1.45 4.52 1.90 2.03 2.00 NA-SU2_A
210 2.39 1.55 4.48 1.97 1.84 1.81 NA-SU3_A
211 1.19 2.55 1.61 4.45 3.65 1.71 NA-AN1_A
212 1.45 2.39 1.67 4.52 3.32 1.71 NA-AN2_A
213 1.32 2.61 1.61 4.48 3.23 1.94 NA-AN3_A
214 1.32 3.03 1.58 3.65 4.29 1.87 NA-DI1_A
215 1.45 3.19 1.81 3.16 4.19 2.77 NA-DI2_A
216 1.43 2.87 1.77 4.33 3.87 2.10 NA-DI3_A
217 1.61 2.68 4.10 3.16 3.81 3.90 NA-FE1_A
218 1.68 3.10 3.74 3.19 3.58 3.87 NA-FE2_A
219 1.48 3.26 3.39 2.71 3.06 3.74 NA-FE3_A
# HAP SAD SUR ANG DIS PIC
1 2.67 2.80 1.53 1.80 2.00 KM-NE1_A
2 3.00 2.67 1.53 2.00 1.87 KM-NE2_A
3 2.67 2.73 1.67 2.20 2.40 KM-NE3_A
4 4.67 1.13 1.27 1.13 1.13 KM-HA1_A
5 4.53 1.20 1.13 1.00 1.00 KM-HA2_A
6 4.07 1.07 1.13 1.00 1.13 KM-HA3_A
7 4.87 1.00 1.13 1.00 1.00 KM-HA4_A
8 4.33 1.33 1.20 1.13 1.13 KM-HA5_A
9 1.47 3.67 1.60 2.27 2.80 KM-SA1_A
10 1.07 3.67 1.73 2.67 3.33 KM-SA2_A
11 1.33 4.20 1.73 2.60 3.33 KM-SA3_A
12 1.33 4.33 1.20 2.07 2.87 KM-SA4_A
13 1.53 3.67 1.53 2.40 4.07 KM-SA5_A
14 1.93 1.60 4.80 1.47 1.47 KM-SU1_A
15 3.13 1.47 4.93 1.47 1.40 KM-SU2_A
16 2.87 1.73 4.80 1.40 1.47 KM-SU3_A
17 1.67 2.20 1.53 4.27 3.60 KM-AN1_A
18 1.47 2.60 1.33 4.13 4.00 KM-AN2_A
19 1.27 2.60 1.40 4.40 3.87 KM-AN3_A
20 1.47 1.73 1.53 4.13 4.73 KM-DI1_A
21 1.13 2.00 1.47 2.93 4.73 KM-DI2_A
22 1.47 1.87 2.07 3.73 4.67 KM-DI3_A
26 2.93 2.33 1.93 2.13 2.00 KA-NE1_A
27 2.53 1.80 1.73 1.60 1.60 KA-NE2_A
28 2.36 1.79 1.86 1.64 1.50 KA-NE3_A
29 4.60 1.53 2.53 1.20 1.33 KA-HA1_A
30 4.40 1.53 2.07 1.33 1.33 KA-HA2_A
31 4.33 2.00 2.27 1.40 1.53 KA-HA3_A
32 3.53 2.20 1.40 1.20 1.20 KA-HA4_A
33 1.27 3.80 2.00 1.73 2.93 KA-SA1_A
34 1.27 4.20 1.80 2.07 2.33 KA-SA2_A
35 1.33 3.60 1.73 2.07 3.00 KA-SA3_A
36 2.67 1.60 4.60 1.33 1.27 KA-SU1_A
37 2.80 1.67 4.53 1.67 1.67 KA-SU2_A
38 3.40 1.73 4.67 1.36 1.40 KA-SU3_A
39 2.07 1.93 1.27 4.20 3.60 KA-AN1_A
40 1.93 2.13 1.67 4.47 4.13 KA-AN2_A
41 1.13 2.20 1.47 3.73 4.67 KA-AN3_A
42 1.73 2.87 2.60 2.93 4.20 KA-DI1_A
43 1.67 2.07 1.93 2.80 4.27 KA-DI2_A
44 1.13 2.07 1.53 2.47 4.53 KA-DI3_A
49 3.07 2.93 1.60 2.13 2.20 YM-NE1_A
50 3.13 2.87 1.60 1.93 1.80 YM-NE2_A
51 3.00 2.87 1.67 2.13 2.13 YM-NE3_A
52 4.60 1.73 1.27 1.27 1.33 YM-HA1_A
53 4.80 1.27 1.27 1.13 1.13 YN-HA2_A
54 4.87 1.27 1.13 1.13 1.07 YM-HA3_A
55 2.07 4.40 1.13 1.13 1.33 YM-SA1_A
56 2.20 4.13 1.27 1.20 1.67 YM-SA2_A
57 1.47 3.53 1.47 1.79 2.53 YM-SA3_A
58 2.20 1.60 4.73 1.60 1.47 YM-SU1_A
59 2.87 1.53 4.33 1.80 1.47 YM-SU2_A
60 3.00 1.67 4.93 1.60 1.47 YM-SU3_A
61 1.47 1.60 1.67 4.40 4.07 YM-AN1_A
62 1.53 1.80 1.33 3.80 2.93 YM-AN2_A
63 2.00 1.87 1.33 4.47 3.47 YM-AN3_A
64 1.67 2.87 2.20 2.53 4.53 YM-DI1_A
65 1.60 2.13 2.40 3.13 4.73 YM-DI2_A
66 1.53 2.93 2.33 3.00 4.47 YM-DI3_A
71 2.20 2.00 1.73 2.40 2.20 KR-NE1_A
72 2.07 2.13 1.73 2.60 2.13 KR-NE2_A
73 1.87 1.87 1.67 2.87 1.87 KR-NE3_A
74 4.00 1.53 1.13 1.07 1.07 KR-HA1_A
75 3.93 1.33 1.47 1.20 1.20 KR-HA2_A
76 4.40 1.67 1.40 1.40 1.40 KR-HA3_A
77 1.40 3.80 1.53 1.93 2.87 KR-SA1_A
78 1.40 3.67 1.73 2.33 3.00 KR-SA2_A
79 1.47 3.53 1.93 2.40 3.20 KR-SA3_A
80 1.80 2.00 4.27 1.87 1.73 KR-SU1_A
81 2.53 2.07 4.60 1.93 2.00 KR-SU2_A
82 1.53 1.67 4.47 1.71 1.60 KR-SU3_A
83 1.27 2.13 1.40 4.13 3.07 KR-AN1_A
84 1.93 2.27 1.47 4.53 3.67 KR-AN2_A
85 1.93 2.00 1.73 4.47 3.47 KR-AN3_A
86 1.40 2.20 2.27 3.07 4.47 KR-DI1_A
87 1.60 2.07 2.40 3.80 4.07 KR-DI2_A
88 1.67 2.87 1.60 4.13 3.87 KR-DI3_A
92 3.40 2.27 1.33 1.73 1.73 NM-NE1_A
93 3.40 2.07 1.40 1.67 1.67 NM-NE2_A
94 3.27 2.33 1.40 2.20 1.87 NM-NE3_A
95 4.53 1.60 1.13 1.13 1.20 NM-HA1_A
96 4.33 1.60 1.53 1.33 1.27 NM-HA2_A
97 4.27 1.60 1.93 1.40 1.40 NM-HA3_A
98 2.53 3.87 1.47 1.60 1.60 NM-SA1_A
99 1.93 2.60 2.00 1.60 1.87 NM-SA2_A
100 1.80 3.33 1.53 1.27 2.13 NM-SA3_A
101 2.27 1.47 4.67 1.27 1.33 NM-SU1_A
102 2.60 1.60 4.60 1.47 1.33 NM-SU2_A
103 3.27 1.80 4.60 1.53 1.47 NM-SU3_A
104 2.53 2.47 1.67 1.93 2.00 NM-AN1_A
105 2.07 2.27 1.80 2.33 2.27 NM-AN2_A
106 1.80 3.53 1.53 3.60 3.87 NM-AN3_A
107 2.73 2.73 1.47 2.20 3.00 NM-DI1_A
108 1.80 2.07 1.60 1.93 2.47 NM-DI2_A
109 2.20 1.73 1.67 2.33 3.07 NM-DI3_A
113 2.47 2.47 1.67 1.60 1.67 MK-NE1_A
114 3.80 2.20 1.60 1.73 1.53 MK-NE2_A
115 3.47 2.13 1.27 1.33 1.33 MK-NE3_A
116 4.20 1.40 1.73 1.13 1.13 MK-HA1_A
117 3.87 1.93 1.27 1.47 1.27 MK-HA2_A
118 4.47 1.53 1.27 1.20 1.20 MK-HA3_A
119 2.00 4.00 1.53 1.60 2.20 MK-SA1_A
120 2.13 4.27 1.47 1.73 2.13 MK-SA2_A
121 1.40 4.67 1.33 1.53 1.93 MK-SA3_A
122 3.00 1.93 4.87 1.20 1.33 MK-SU1_A
123 2.07 1.60 4.93 1.67 1.67 MK-SU2_A
124 2.27 2.67 4.80 1.73 1.73 MK-SU3_A
125 1.14 2.00 1.50 3.79 4.21 MK-AN1_A
126 1.93 3.13 1.80 3.67 4.20 MK-AN2_A
127 1.53 2.87 2.33 4.27 4.13 MK-AN3_A
128 1.07 2.33 1.53 3.67 4.73 MK-DI1_A
129 1.07 3.00 2.20 1.93 3.67 MK-DI2_A
130 1.80 2.73 1.80 2.20 4.47 MK-DI3_A
134 2.07 2.73 1.67 1.87 1.73 UY-NE1_A
135 1.93 2.47 1.73 2.27 2.07 UY-NE2_A
136 2.27 3.27 1.53 2.27 2.20 UY-NE3_A
137 3.73 2.60 1.40 1.53 1.60 UY-HA1_A
138 4.00 2.13 1.33 1.67 1.53 UY-HA2_A
139 3.87 1.93 1.33 1.40 1.53 UY-HA3_A
140 1.50 3.13 1.67 2.87 3.47 UY-SA1_A
141 1.47 4.00 1.40 2.60 3.20 UY-SA2_A
142 1.73 4.00 1.33 2.60 2.73 UY-SA3_A
143 2.20 2.53 4.07 1.53 1.53 UY-SU1_A
144 1.67 2.73 3.87 1.40 1.47 UY-SU2_A
145 2.07 3.33 4.60 2.00 1.93 UY-SU3_A
146 1.47 3.47 1.60 3.73 3.47 UY-AN1_A
147 1.20 2.60 1.33 3.47 3.53 UY-AN2_A
148 1.36 2.57 1.29 2.93 3.50 UY-AN3_A
149 1.67 3.07 1.93 2.67 3.73 UY-DI1_A
150 1.47 3.00 1.53 2.60 4.27 UY-DI2_A
151 1.40 3.33 1.47 3.40 4.53 UY-DI3_A
155 1.80 2.33 3.20 1.60 1.80 KL-NE1_A
156 2.00 2.47 2.33 2.13 1.93 KL-NE2_A
157 2.00 1.93 3.67 1.80 1.80 KL-NE3_A
158 3.93 1.80 1.53 1.53 1.33 KL-HA1_A
159 4.27 2.07 1.53 1.73 1.73 KL-HA2_A
160 4.00 1.80 1.80 1.53 1.33 KL-HA3_A
161 1.00 4.40 1.33 2.53 3.20 KL-SA1_A
162 1.20 4.07 1.40 2.27 3.40 KL-SA2_A
163 1.40 4.33 1.80 3.00 3.27 KL-SA3_A
164 1.73 3.00 4.67 2.27 2.20 KL-SU1_A
165 1.73 2.07 4.40 2.07 1.60 KL-SU2_A
166 1.67 2.13 4.60 2.00 1.93 KL-SU3_A
167 1.80 3.80 1.47 3.73 3.47 KL-AN1_A
168 1.73 3.80 1.60 3.80 3.73 KL-AN2_A
169 1.53 3.73 1.33 3.80 3.67 KL-AN3_A
170 1.13 3.27 1.73 3.60 4.40 KL-DI1_A
171 1.27 3.80 1.80 3.67 4.73 KL-DI2_A
172 1.27 3.60 1.73 2.93 4.20 KL-DI3_A
173 1.20 3.20 1.73 3.33 4.13 KL-DI4_A
177 2.73 2.93 1.60 1.60 1.47 TM-NE1_A
178 2.40 1.80 1.53 1.53 1.60 TM-NE2_A
179 2.80 2.33 1.80 1.67 1.60 TM-NE3_A
180 3.87 1.87 1.20 1.20 1.13 TM-HA1_A
181 3.87 2.13 1.20 1.27 1.27 TM-HA2_A
182 4.53 2.13 1.27 1.40 1.47 TM-HA3_A
183 4.60 1.67 1.13 1.40 1.27 TM-HA4_A
184 1.93 3.47 1.40 1.40 2.33 TM-SA1_A
185 1.27 3.93 1.33 1.67 2.33 TM-SA2_A
186 1.40 3.87 1.53 1.80 2.40 TM-SA3_A
187 1.93 2.93 4.73 2.00 3.07 TM-SU1_A
188 1.93 2.73 4.27 1.87 1.60 TM-SU2_A
189 1.93 3.20 4.60 2.00 2.27 TM-SU3_A
190 1.60 3.13 1.80 4.07 3.80 TM-AN1_A
191 1.33 2.73 1.40 3.27 3.40 TM-AN2_A
192 1.20 2.67 1.47 3.87 3.93 TM-AN3_A
193 1.67 1.73 2.80 3.40 4.87 TM-DI1_A
194 2.13 2.27 2.40 3.33 4.60 TM-DI2_A
195 1.20 2.60 1.87 2.87 4.33 TM-DI3_A
199 2.40 1.87 1.80 2.27 1.87 NA-NE1_A
200 3.00 2.93 1.53 2.53 1.93 NA-NE2_A
201 3.47 2.13 1.40 1.67 1.67 NA-NE3_A
202 4.47 1.20 1.20 1.13 1.07 NA-HA1_A
203 4.60 1.07 1.13 1.13 1.13 NA-HA2_A
204 4.73 1.87 1.40 1.60 1.47 NA-HA3_A
205 2.00 4.07 1.40 2.47 2.47 NA-SA1_A
206 1.27 3.07 1.20 3.27 3.73 NA-SA2_A
207 1.47 2.93 1.60 2.80 2.87 NA-SA3_A
208 4.20 1.87 3.00 1.47 1.27 NA-SU1_A
209 2.60 1.60 4.27 1.53 1.47 NA-SU2_A
210 2.20 1.53 4.33 1.29 1.33 NA-SU3_A
211 1.20 2.07 1.64 4.13 4.00 NA-AN1_A
212 2.07 2.67 1.60 4.20 3.47 NA-AN2_A
213 1.73 2.27 1.53 4.33 3.60 NA-AN3_A
214 1.20 2.40 1.73 3.60 4.40 NA-DI1_A
215 1.60 3.80 1.40 2.60 3.67 NA-DI2_A
216 1.60 3.27 1.40 4.33 3.87 NA-DI3_A
